# ICMP RTT ms to 223.5.5.5
1.350000000000000000e+02
7.559999999999999432e+01
1.269999999999999929e+01
1.300000000000000000e+01
1.200000000000000000e+01
1.290000000000000036e+01
1.269999999999999929e+01
1.319999999999999929e+01
1.259999999999999964e+01
1.380000000000000071e+01
1.309999999999999964e+01
1.259999999999999964e+01
1.290000000000000036e+01
1.380000000000000071e+01
1.300000000000000000e+01
1.230000000000000071e+01
1.319999999999999929e+01
1.290000000000000036e+01
1.290000000000000036e+01
1.269999999999999929e+01
1.419999999999999929e+01
1.469999999999999929e+01
1.359999999999999964e+01
1.409999999999999964e+01
1.359999999999999964e+01
1.209999999999999964e+01
1.359999999999999964e+01
1.259999999999999964e+01
1.559999999999999964e+01
1.200000000000000000e+01
1.319999999999999929e+01
1.359999999999999964e+01
1.240000000000000036e+01
1.319999999999999929e+01
1.290000000000000036e+01
1.309999999999999964e+01
1.219999999999999929e+01
1.290000000000000036e+01
1.180000000000000071e+01
1.480000000000000071e+01
1.390000000000000036e+01
1.319999999999999929e+01
1.300000000000000000e+01
1.259999999999999964e+01
1.319999999999999929e+01
1.380000000000000071e+01
1.180000000000000071e+01
1.280000000000000071e+01
1.319999999999999929e+01
1.290000000000000036e+01
1.190000000000000036e+01
1.259999999999999964e+01
1.290000000000000036e+01
1.290000000000000036e+01
1.269999999999999929e+01
1.200000000000000000e+01
1.259999999999999964e+01
1.319999999999999929e+01
1.169999999999999929e+01
1.200000000000000000e+01
1.419999999999999929e+01
1.330000000000000071e+01
1.300000000000000000e+01
1.190000000000000036e+01
1.290000000000000036e+01
1.300000000000000000e+01
1.259999999999999964e+01
1.290000000000000036e+01
1.359999999999999964e+01
1.319999999999999929e+01
1.300000000000000000e+01
1.330000000000000071e+01
1.190000000000000036e+01
1.400000000000000000e+01
1.290000000000000036e+01
1.409999999999999964e+01
1.250000000000000000e+01
1.340000000000000036e+01
1.230000000000000071e+01
1.300000000000000000e+01
1.180000000000000071e+01
1.259999999999999964e+01
1.300000000000000000e+01
1.300000000000000000e+01
1.280000000000000071e+01
1.259999999999999964e+01
1.340000000000000036e+01
1.190000000000000036e+01
1.200000000000000000e+01
1.300000000000000000e+01
1.259999999999999964e+01
1.319999999999999929e+01
1.490000000000000036e+01
1.309999999999999964e+01
1.250000000000000000e+01
1.390000000000000036e+01
1.380000000000000071e+01
1.290000000000000036e+01
1.290000000000000036e+01
1.400000000000000000e+01
1.359999999999999964e+01
1.200000000000000000e+01
1.250000000000000000e+01
1.409999999999999964e+01
1.290000000000000036e+01
1.259999999999999964e+01
1.390000000000000036e+01
1.300000000000000000e+01
1.200000000000000000e+01
1.240000000000000036e+01
1.319999999999999929e+01
1.350000000000000000e+01
1.180000000000000071e+01
1.219999999999999929e+01
1.359999999999999964e+01
1.369999999999999929e+01
1.230000000000000071e+01
1.309999999999999964e+01
1.330000000000000071e+01
1.300000000000000000e+01
1.180000000000000071e+01
1.309999999999999964e+01
1.390000000000000036e+01
1.269999999999999929e+01
1.400000000000000000e+01
1.280000000000000071e+01
1.359999999999999964e+01
1.250000000000000000e+01
1.440000000000000036e+01
1.280000000000000071e+01
1.300000000000000000e+01
1.400000000000000000e+01
1.240000000000000036e+01
1.280000000000000071e+01
1.309999999999999964e+01
1.269999999999999929e+01
1.559999999999999964e+01
1.409999999999999964e+01
1.250000000000000000e+01
1.369999999999999929e+01
1.359999999999999964e+01
1.369999999999999929e+01
1.400000000000000000e+01
1.330000000000000071e+01
1.440000000000000036e+01
1.290000000000000036e+01
1.380000000000000071e+01
1.369999999999999929e+01
1.340000000000000036e+01
1.380000000000000071e+01
1.380000000000000071e+01
1.359999999999999964e+01
1.300000000000000000e+01
1.400000000000000000e+01
1.300000000000000000e+01
1.330000000000000071e+01
1.250000000000000000e+01
1.200000000000000000e+01
1.230000000000000071e+01
1.269999999999999929e+01
1.230000000000000071e+01
1.259999999999999964e+01
1.350000000000000000e+01
1.250000000000000000e+01
1.350000000000000000e+01
1.400000000000000000e+01
1.280000000000000071e+01
1.230000000000000071e+01
1.280000000000000071e+01
1.319999999999999929e+01
1.400000000000000000e+01
1.380000000000000071e+01
1.240000000000000036e+01
1.280000000000000071e+01
1.259999999999999964e+01
1.209999999999999964e+01
1.469999999999999929e+01
1.340000000000000036e+01
1.400000000000000000e+01
1.250000000000000000e+01
1.300000000000000000e+01
1.390000000000000036e+01
1.519999999999999929e+01
1.180000000000000071e+01
1.309999999999999964e+01
1.419999999999999929e+01
1.330000000000000071e+01
1.200000000000000000e+01
1.380000000000000071e+01
1.380000000000000071e+01
1.319999999999999929e+01
1.350000000000000000e+01
1.390000000000000036e+01
1.209999999999999964e+01
1.259999999999999964e+01
1.330000000000000071e+01
1.350000000000000000e+01
1.419999999999999929e+01
1.290000000000000036e+01
1.330000000000000071e+01
1.280000000000000071e+01
1.419999999999999929e+01
1.290000000000000036e+01
1.369999999999999929e+01
1.440000000000000036e+01
1.369999999999999929e+01
1.200000000000000000e+01
1.430000000000000071e+01
1.300000000000000000e+01
1.459999999999999964e+01
1.440000000000000036e+01
1.500000000000000000e+01
1.300000000000000000e+01
1.319999999999999929e+01
1.300000000000000000e+01
1.300000000000000000e+01
1.290000000000000036e+01
1.269999999999999929e+01
1.290000000000000036e+01
1.290000000000000036e+01
1.269999999999999929e+01
1.319999999999999929e+01
1.280000000000000071e+01
1.190000000000000036e+01
1.390000000000000036e+01
1.390000000000000036e+01
1.300000000000000000e+01
1.369999999999999929e+01
1.390000000000000036e+01
1.939999999999999858e+01
1.450000000000000000e+01
1.330000000000000071e+01
1.290000000000000036e+01
1.340000000000000036e+01
1.219999999999999929e+01
1.430000000000000071e+01
1.300000000000000000e+01
1.330000000000000071e+01
1.369999999999999929e+01
1.230000000000000071e+01
1.309999999999999964e+01
1.319999999999999929e+01
1.319999999999999929e+01
1.290000000000000036e+01
1.290000000000000036e+01
1.359999999999999964e+01
1.290000000000000036e+01
1.309999999999999964e+01
1.400000000000000000e+01
1.369999999999999929e+01
1.250000000000000000e+01
1.240000000000000036e+01
1.269999999999999929e+01
1.319999999999999929e+01
1.259999999999999964e+01
1.369999999999999929e+01
1.230000000000000071e+01
1.269999999999999929e+01
1.409999999999999964e+01
1.419999999999999929e+01
1.240000000000000036e+01
1.259999999999999964e+01
1.300000000000000000e+01
1.190000000000000036e+01
1.309999999999999964e+01
1.240000000000000036e+01
1.319999999999999929e+01
1.369999999999999929e+01
1.459999999999999964e+01
1.319999999999999929e+01
1.240000000000000036e+01
1.309999999999999964e+01
1.169999999999999929e+01
1.300000000000000000e+01
1.309999999999999964e+01
1.269999999999999929e+01
1.280000000000000071e+01
1.290000000000000036e+01
1.319999999999999929e+01
1.169999999999999929e+01
1.169999999999999929e+01
1.190000000000000036e+01
1.290000000000000036e+01
1.319999999999999929e+01
1.390000000000000036e+01
1.419999999999999929e+01
1.309999999999999964e+01
1.300000000000000000e+01
1.290000000000000036e+01
1.290000000000000036e+01
1.269999999999999929e+01
1.219999999999999929e+01
1.250000000000000000e+01
1.330000000000000071e+01
1.280000000000000071e+01
1.380000000000000071e+01
1.259999999999999964e+01
1.300000000000000000e+01
8.279999999999999716e+01
1.200000000000000000e+02
1.350000000000000000e+01
1.280000000000000071e+01
1.319999999999999929e+01
1.190000000000000036e+01
1.280000000000000071e+01
1.290000000000000036e+01
1.290000000000000036e+01
1.190000000000000036e+01
1.309999999999999964e+01
1.240000000000000036e+01
1.390000000000000036e+01
1.300000000000000000e+01
1.280000000000000071e+01
1.390000000000000036e+01
1.369999999999999929e+01
1.409999999999999964e+01
1.240000000000000036e+01
1.380000000000000071e+01
1.350000000000000000e+01
1.269999999999999929e+01
1.180000000000000071e+01
1.300000000000000000e+01
1.309999999999999964e+01
1.340000000000000036e+01
1.240000000000000036e+01
1.280000000000000071e+01
1.309999999999999964e+01
1.440000000000000036e+01
1.330000000000000071e+01
1.250000000000000000e+01
1.290000000000000036e+01
1.290000000000000036e+01
1.290000000000000036e+01
1.300000000000000000e+01
1.240000000000000036e+01
1.400000000000000000e+01
1.280000000000000071e+01
1.230000000000000071e+01
1.359999999999999964e+01
1.290000000000000036e+01
1.419999999999999929e+01
1.340000000000000036e+01
1.400000000000000000e+01
1.290000000000000036e+01
1.250000000000000000e+01
1.190000000000000036e+01
1.390000000000000036e+01
1.300000000000000000e+01
1.400000000000000000e+01
1.190000000000000036e+01
1.380000000000000071e+01
1.350000000000000000e+01
1.290000000000000036e+01
1.240000000000000036e+01
1.250000000000000000e+01
1.330000000000000071e+01
1.209999999999999964e+01
1.259999999999999964e+01
1.269999999999999929e+01
1.309999999999999964e+01
1.290000000000000036e+01
1.180000000000000071e+01
1.309999999999999964e+01
1.259999999999999964e+01
1.180000000000000071e+01
1.319999999999999929e+01
1.300000000000000000e+01
1.409999999999999964e+01
1.340000000000000036e+01
1.309999999999999964e+01
1.580000000000000071e+01
1.290000000000000036e+01
1.269999999999999929e+01
1.259999999999999964e+01
1.309999999999999964e+01
1.230000000000000071e+01
1.269999999999999929e+01
1.200000000000000000e+01
1.400000000000000000e+01
1.400000000000000000e+01
1.390000000000000036e+01
1.290000000000000036e+01
1.350000000000000000e+01
1.259999999999999964e+01
1.400000000000000000e+01
1.250000000000000000e+01
1.330000000000000071e+01
1.319999999999999929e+01
1.430000000000000071e+01
1.219999999999999929e+01
1.240000000000000036e+01
1.259999999999999964e+01
1.390000000000000036e+01
1.350000000000000000e+01
1.259999999999999964e+01
1.280000000000000071e+01
1.419999999999999929e+01
1.290000000000000036e+01
1.290000000000000036e+01
1.380000000000000071e+01
1.230000000000000071e+01
1.240000000000000036e+01
1.190000000000000036e+01
1.430000000000000071e+01
1.269999999999999929e+01
1.209999999999999964e+01
1.309999999999999964e+01
1.440000000000000036e+01
1.180000000000000071e+01
1.300000000000000000e+01
1.290000000000000036e+01
1.269999999999999929e+01
1.290000000000000036e+01
1.280000000000000071e+01
1.330000000000000071e+01
1.290000000000000036e+01
1.259999999999999964e+01
1.280000000000000071e+01
1.300000000000000000e+01
1.269999999999999929e+01
1.259999999999999964e+01
1.269999999999999929e+01
1.660000000000000142e+01
1.350000000000000000e+01
1.269999999999999929e+01
1.209999999999999964e+01
1.280000000000000071e+01
1.309999999999999964e+01
1.269999999999999929e+01
1.290000000000000036e+01
1.340000000000000036e+01
1.369999999999999929e+01
1.259999999999999964e+01
1.240000000000000036e+01
1.259999999999999964e+01
1.290000000000000036e+01
1.290000000000000036e+01
1.250000000000000000e+01
1.390000000000000036e+01
1.219999999999999929e+01
1.459999999999999964e+01
1.280000000000000071e+01
1.300000000000000000e+01
1.259999999999999964e+01
1.190000000000000036e+01
1.350000000000000000e+01
1.330000000000000071e+01
1.350000000000000000e+01
1.269999999999999929e+01
1.269999999999999929e+01
1.190000000000000036e+01
1.280000000000000071e+01
1.280000000000000071e+01
1.319999999999999929e+01
1.190000000000000036e+01
1.359999999999999964e+01
1.319999999999999929e+01
1.200000000000000000e+01
1.409999999999999964e+01
1.219999999999999929e+01
1.280000000000000071e+01
1.409999999999999964e+01
1.219999999999999929e+01
1.319999999999999929e+01
1.340000000000000036e+01
1.300000000000000000e+01
1.459999999999999964e+01
1.390000000000000036e+01
1.430000000000000071e+01
1.280000000000000071e+01
1.309999999999999964e+01
1.919999999999999929e+01
1.240000000000000036e+01
1.300000000000000000e+01
1.309999999999999964e+01
1.340000000000000036e+01
1.330000000000000071e+01
1.350000000000000000e+01
1.369999999999999929e+01
1.419999999999999929e+01
1.250000000000000000e+01
1.200000000000000000e+01
1.280000000000000071e+01
1.259999999999999964e+01
1.290000000000000036e+01
1.300000000000000000e+01
1.350000000000000000e+01
1.250000000000000000e+01
1.309999999999999964e+01
1.200000000000000000e+01
1.340000000000000036e+01
1.330000000000000071e+01
1.280000000000000071e+01
1.359999999999999964e+01
1.359999999999999964e+01
1.350000000000000000e+01
1.390000000000000036e+01
1.240000000000000036e+01
1.200000000000000000e+01
3.489999999999999858e+01
1.280000000000000071e+01
1.300000000000000000e+01
6.189999999999999858e+01
1.350000000000000000e+01
1.800000000000000000e+01
1.419999999999999929e+01
2.200000000000000000e+01
1.359999999999999964e+01
6.079999999999999716e+01
1.250000000000000000e+01
2.860000000000000142e+01
2.030000000000000071e+01
1.269999999999999929e+01
5.639999999999999858e+01
1.440000000000000036e+01
1.300000000000000000e+01
4.310000000000000142e+01
1.419999999999999929e+01
1.369999999999999929e+01
5.500000000000000000e+01
1.250000000000000000e+01
1.200000000000000000e+01
5.610000000000000142e+01
1.450000000000000000e+01
1.300000000000000000e+01
1.369999999999999929e+01
1.280000000000000071e+01
1.419999999999999929e+01
1.280000000000000071e+01
1.200000000000000000e+01
1.290000000000000036e+01
1.319999999999999929e+01
1.490000000000000036e+01
1.219999999999999929e+01
1.259999999999999964e+01
1.359999999999999964e+01
1.409999999999999964e+01
1.190000000000000036e+01
1.309999999999999964e+01
1.259999999999999964e+01
1.259999999999999964e+01
1.280000000000000071e+01
2.560000000000000142e+01
1.300000000000000000e+01
1.319999999999999929e+01
3.679999999999999716e+01
1.290000000000000036e+01
2.730000000000000071e+01
3.400000000000000000e+01
1.390000000000000036e+01
1.340000000000000036e+01
1.350000000000000000e+01
1.269999999999999929e+01
1.309999999999999964e+01
1.300000000000000000e+01
1.269999999999999929e+01
1.400000000000000000e+01
1.290000000000000036e+01
1.280000000000000071e+01
1.290000000000000036e+01
1.639999999999999858e+01
1.300000000000000000e+01
1.300000000000000000e+01
1.359999999999999964e+01
1.209999999999999964e+01
1.259999999999999964e+01
1.359999999999999964e+01
1.280000000000000071e+01
1.280000000000000071e+01
1.500000000000000000e+01
1.350000000000000000e+01
1.259999999999999964e+01
1.230000000000000071e+01
1.350000000000000000e+01
1.459999999999999964e+01
1.269999999999999929e+01
1.309999999999999964e+01
1.219999999999999929e+01
1.409999999999999964e+01
1.290000000000000036e+01
1.309999999999999964e+01
1.240000000000000036e+01
1.300000000000000000e+01
1.290000000000000036e+01
1.209999999999999964e+01
1.459999999999999964e+01
1.380000000000000071e+01
1.350000000000000000e+01
1.230000000000000071e+01
1.369999999999999929e+01
1.250000000000000000e+01
1.419999999999999929e+01
1.280000000000000071e+01
1.180000000000000071e+01
1.719999999999999929e+01
1.280000000000000000e+02
6.260000000000000142e+01
1.209999999999999964e+01
1.300000000000000000e+01
1.400000000000000000e+01
1.300000000000000000e+01
1.369999999999999929e+01
1.409999999999999964e+01
1.230000000000000071e+01
1.419999999999999929e+01
1.330000000000000071e+01
1.169999999999999929e+01
1.280000000000000071e+01
1.250000000000000000e+01
1.380000000000000071e+01
1.309999999999999964e+01
1.600000000000000000e+01
1.330000000000000071e+01
1.380000000000000071e+01
1.340000000000000036e+01
1.219999999999999929e+01
1.280000000000000071e+01
1.300000000000000000e+01
1.350000000000000000e+01
1.309999999999999964e+01
1.230000000000000071e+01
1.280000000000000071e+01
1.280000000000000071e+01
1.390000000000000036e+01
1.290000000000000036e+01
1.319999999999999929e+01
1.430000000000000071e+01
1.169999999999999929e+01
1.369999999999999929e+01
1.380000000000000071e+01
1.309999999999999964e+01
1.180000000000000071e+01
1.300000000000000000e+01
1.330000000000000071e+01
1.359999999999999964e+01
1.269999999999999929e+01
1.269999999999999929e+01
1.300000000000000000e+01
1.230000000000000071e+01
1.280000000000000071e+01
1.350000000000000000e+01
1.359999999999999964e+01
1.319999999999999929e+01
1.340000000000000036e+01
1.240000000000000036e+01
1.340000000000000036e+01
1.240000000000000036e+01
1.359999999999999964e+01
1.259999999999999964e+01
1.269999999999999929e+01
1.430000000000000071e+01
1.330000000000000071e+01
1.300000000000000000e+01
1.300000000000000000e+01
4.020000000000000284e+01
1.319999999999999929e+01
1.180000000000000071e+01
1.200000000000000000e+01
1.559999999999999964e+01
1.430000000000000071e+01
1.269999999999999929e+01
1.290000000000000036e+01
1.269999999999999929e+01
1.280000000000000071e+01
1.340000000000000036e+01
1.230000000000000071e+01
1.290000000000000036e+01
1.300000000000000000e+01
1.240000000000000036e+01
1.390000000000000036e+01
1.200000000000000000e+01
1.309999999999999964e+01
1.290000000000000036e+01
1.309999999999999964e+01
1.369999999999999929e+01
1.359999999999999964e+01
1.369999999999999929e+01
5.720000000000000284e+01
1.319999999999999929e+01
1.309999999999999964e+01
1.340000000000000036e+01
1.440000000000000036e+01
1.240000000000000036e+01
1.409999999999999964e+01
3.350000000000000000e+01
1.200000000000000000e+01
1.290000000000000036e+01
1.180000000000000071e+01
2.380000000000000071e+01
1.340000000000000036e+01
1.359999999999999964e+01
1.250000000000000000e+01
1.309999999999999964e+01
1.280000000000000071e+01
1.369999999999999929e+01
1.290000000000000036e+01
1.369999999999999929e+01
2.260000000000000142e+01
1.469999999999999929e+01
1.319999999999999929e+01
1.290000000000000036e+01
1.280000000000000071e+01
1.409999999999999964e+01
1.730000000000000071e+01
1.319999999999999929e+01
1.419999999999999929e+01
1.269999999999999929e+01
5.589999999999999858e+01
1.450000000000000000e+01
1.280000000000000071e+01
2.969999999999999929e+01
1.250000000000000000e+01
1.309999999999999964e+01
2.710000000000000142e+01
3.119999999999999929e+01
2.889999999999999858e+01
4.010000000000000142e+01
4.510000000000000142e+01
5.070000000000000284e+01
5.479999999999999716e+01
4.839999999999999858e+01
3.960000000000000142e+01
5.439999999999999858e+01
1.230000000000000071e+01
1.309999999999999964e+01
1.350000000000000000e+01
1.240000000000000036e+01
1.240000000000000036e+01
1.390000000000000036e+01
1.400000000000000000e+01
1.140000000000000036e+01
1.440000000000000036e+01
1.269999999999999929e+01
1.600000000000000000e+01
1.190000000000000036e+01
1.380000000000000071e+01
1.300000000000000000e+01
1.330000000000000071e+01
1.469999999999999929e+01
1.290000000000000036e+01
1.309999999999999964e+01
1.319999999999999929e+01
1.250000000000000000e+01
1.230000000000000071e+01
1.380000000000000071e+01
1.290000000000000036e+01
1.290000000000000036e+01
1.280000000000000071e+01
1.280000000000000071e+01
1.280000000000000071e+01
1.300000000000000000e+01
1.219999999999999929e+01
1.200000000000000000e+01
1.259999999999999964e+01
1.250000000000000000e+01
1.180000000000000071e+01
1.290000000000000036e+01
1.340000000000000036e+01
1.340000000000000036e+01
1.330000000000000071e+01
1.280000000000000071e+01
1.350000000000000000e+01
1.259999999999999964e+01
1.319999999999999929e+01
1.769999999999999929e+01
1.340000000000000036e+01
1.369999999999999929e+01
1.330000000000000071e+01
1.219999999999999929e+01
1.459999999999999964e+01
1.459999999999999964e+01
1.359999999999999964e+01
1.359999999999999964e+01
1.450000000000000000e+01
1.359999999999999964e+01
1.230000000000000071e+01
1.309999999999999964e+01
1.269999999999999929e+01
1.290000000000000036e+01
1.459999999999999964e+01
1.469999999999999929e+01
1.430000000000000071e+01
1.350000000000000000e+01
1.269999999999999929e+01
1.259999999999999964e+01
1.309999999999999964e+01
1.290000000000000036e+01
1.380000000000000071e+01
1.280000000000000071e+01
1.200000000000000000e+01
1.459999999999999964e+01
1.459999999999999964e+01
1.409999999999999964e+01
1.190000000000000036e+01
1.409999999999999964e+01
1.290000000000000036e+01
1.169999999999999929e+01
1.380000000000000071e+01
1.300000000000000000e+01
1.860000000000000142e+01
1.300000000000000000e+01
1.350000000000000000e+01
1.269999999999999929e+01
1.280000000000000071e+01
1.219999999999999929e+01
1.330000000000000071e+01
1.430000000000000071e+01
1.290000000000000036e+01
1.269999999999999929e+01
1.290000000000000036e+01
1.290000000000000036e+01
1.259999999999999964e+01
1.369999999999999929e+01
1.230000000000000071e+01
1.340000000000000036e+01
1.209999999999999964e+01
1.369999999999999929e+01
1.369999999999999929e+01
1.280000000000000071e+01
1.319999999999999929e+01
1.409999999999999964e+01
1.340000000000000036e+01
1.269999999999999929e+01
1.319999999999999929e+01
1.269999999999999929e+01
1.250000000000000000e+01
1.390000000000000036e+01
1.290000000000000036e+01
1.190000000000000036e+01
1.390000000000000036e+01
1.359999999999999964e+01
1.359999999999999964e+01
1.240000000000000036e+01
1.300000000000000000e+01
1.300000000000000000e+01
1.230000000000000071e+01
1.309999999999999964e+01
1.190000000000000036e+01
1.359999999999999964e+01
1.400000000000000000e+01
1.309999999999999964e+01
1.190000000000000036e+01
1.300000000000000000e+01
1.309999999999999964e+01
1.190000000000000036e+01
1.240000000000000036e+01
1.269999999999999929e+01
1.230000000000000071e+01
1.259999999999999964e+01
1.250000000000000000e+01
1.509999999999999964e+01
1.300000000000000000e+01
1.469999999999999929e+01
1.290000000000000036e+01
1.259999999999999964e+01
1.359999999999999964e+01
1.240000000000000036e+01
1.290000000000000036e+01
1.309999999999999964e+01
1.180000000000000071e+01
1.219999999999999929e+01
1.259999999999999964e+01
1.309999999999999964e+01
1.269999999999999929e+01
1.259999999999999964e+01
1.350000000000000000e+01
1.259999999999999964e+01
1.219999999999999929e+01
1.250000000000000000e+01
1.380000000000000071e+01
1.409999999999999964e+01
1.290000000000000036e+01
1.259999999999999964e+01
1.219999999999999929e+01
1.290000000000000036e+01
1.309999999999999964e+01
1.259999999999999964e+01
1.259999999999999964e+01
1.369999999999999929e+01
1.209999999999999964e+01
2.050000000000000000e+01
1.430000000000000071e+01
1.340000000000000036e+01
1.280000000000000071e+01
1.380000000000000071e+01
1.390000000000000036e+01
1.290000000000000036e+01
1.340000000000000036e+01
1.250000000000000000e+01
1.290000000000000036e+01
1.200000000000000000e+01
1.300000000000000000e+01
1.430000000000000071e+01
1.319999999999999929e+01
1.350000000000000000e+01
1.309999999999999964e+01
1.560000000000000000e+02
8.220000000000000284e+01
1.350000000000000000e+01
1.190000000000000036e+01
1.290000000000000036e+01
1.469999999999999929e+01
1.180000000000000071e+01
1.290000000000000036e+01
1.430000000000000071e+01
1.440000000000000036e+01
1.250000000000000000e+01
1.240000000000000036e+01
1.269999999999999929e+01
1.300000000000000000e+01
1.400000000000000000e+01
1.369999999999999929e+01
1.290000000000000036e+01
1.269999999999999929e+01
1.200000000000000000e+01
1.259999999999999964e+01
1.369999999999999929e+01
1.580000000000000071e+01
1.359999999999999964e+01
1.340000000000000036e+01
1.319999999999999929e+01
1.419999999999999929e+01
1.350000000000000000e+01
1.730000000000000071e+01
1.359999999999999964e+01
1.250000000000000000e+01
1.290000000000000036e+01
1.259999999999999964e+01
1.230000000000000071e+01
1.209999999999999964e+01
1.300000000000000000e+01
1.230000000000000071e+01
1.259999999999999964e+01
1.319999999999999929e+01
1.330000000000000071e+01
1.209999999999999964e+01
1.369999999999999929e+01
1.309999999999999964e+01
1.250000000000000000e+01
1.530000000000000071e+01
1.319999999999999929e+01
1.269999999999999929e+01
1.400000000000000000e+01
1.390000000000000036e+01
1.259999999999999964e+01
1.359999999999999964e+01
1.390000000000000036e+01
1.290000000000000036e+01
1.290000000000000036e+01
1.430000000000000071e+01
1.450000000000000000e+01
1.269999999999999929e+01
1.319999999999999929e+01
1.469999999999999929e+01
1.259999999999999964e+01
1.290000000000000036e+01
1.559999999999999964e+01
1.309999999999999964e+01
1.290000000000000036e+01
1.450000000000000000e+01
1.280000000000000071e+01
1.150000000000000000e+01
1.209999999999999964e+01
1.309999999999999964e+01
1.280000000000000071e+01
1.200000000000000000e+01
1.250000000000000000e+01
1.300000000000000000e+01
1.469999999999999929e+01
1.219999999999999929e+01
1.190000000000000036e+01
1.350000000000000000e+01
1.330000000000000071e+01
1.200000000000000000e+01
1.290000000000000036e+01
1.340000000000000036e+01
1.190000000000000036e+01
1.230000000000000071e+01
1.280000000000000071e+01
1.300000000000000000e+01
1.330000000000000071e+01
1.480000000000000071e+01
1.190000000000000036e+01
1.390000000000000036e+01
1.309999999999999964e+01
1.269999999999999929e+01
1.519999999999999929e+01
1.250000000000000000e+01
1.230000000000000071e+01
1.240000000000000036e+01
1.300000000000000000e+01
1.380000000000000071e+01
1.400000000000000000e+01
1.290000000000000036e+01
1.269999999999999929e+01
1.290000000000000036e+01
1.409999999999999964e+01
1.250000000000000000e+01
1.300000000000000000e+01
1.350000000000000000e+01
1.390000000000000036e+01
1.350000000000000000e+01
1.259999999999999964e+01
1.359999999999999964e+01
1.419999999999999929e+01
1.400000000000000000e+01
1.319999999999999929e+01
1.350000000000000000e+01
1.350000000000000000e+01
1.269999999999999929e+01
1.300000000000000000e+01
1.300000000000000000e+01
1.300000000000000000e+01
1.259999999999999964e+01
1.300000000000000000e+01
1.319999999999999929e+01
1.250000000000000000e+01
1.250000000000000000e+01
1.209999999999999964e+01
1.269999999999999929e+01
1.219999999999999929e+01
1.340000000000000036e+01
1.240000000000000036e+01
1.309999999999999964e+01
1.290000000000000036e+01
1.259999999999999964e+01
1.290000000000000036e+01
1.269999999999999929e+01
1.269999999999999929e+01
1.290000000000000036e+01
1.290000000000000036e+01
1.500000000000000000e+01
1.390000000000000036e+01
1.190000000000000036e+01
1.450000000000000000e+01
1.340000000000000036e+01
1.400000000000000000e+01
1.250000000000000000e+01
1.369999999999999929e+01
1.390000000000000036e+01
1.359999999999999964e+01
1.240000000000000036e+01
1.269999999999999929e+01
1.240000000000000036e+01
1.400000000000000000e+01
1.280000000000000071e+01
1.169999999999999929e+01
1.290000000000000036e+01
1.280000000000000071e+01
1.359999999999999964e+01
1.240000000000000036e+01
1.269999999999999929e+01
1.330000000000000071e+01
1.269999999999999929e+01
1.469999999999999929e+01
1.200000000000000000e+01
1.280000000000000071e+01
1.330000000000000071e+01
1.369999999999999929e+01
1.290000000000000036e+01
1.400000000000000000e+01
1.280000000000000071e+01
1.190000000000000036e+01
1.280000000000000071e+01
1.309999999999999964e+01
1.200000000000000000e+01
1.280000000000000071e+01
1.219999999999999929e+01
1.330000000000000071e+01
1.300000000000000000e+01
1.330000000000000071e+01
1.169999999999999929e+01
1.400000000000000000e+01
1.400000000000000000e+01
1.230000000000000071e+01
1.300000000000000000e+01
1.340000000000000036e+01
1.209999999999999964e+01
1.300000000000000000e+01
1.219999999999999929e+01
1.250000000000000000e+01
1.309999999999999964e+01
1.419999999999999929e+01
1.350000000000000000e+01
1.440000000000000036e+01
1.300000000000000000e+01
1.350000000000000000e+01
1.259999999999999964e+01
1.369999999999999929e+01
1.280000000000000071e+01
1.309999999999999964e+01
1.280000000000000071e+01
1.180000000000000071e+01
1.209999999999999964e+01
1.290000000000000036e+01
1.559999999999999964e+01
1.230000000000000071e+01
1.380000000000000071e+01
1.259999999999999964e+01
1.300000000000000000e+01
1.280000000000000071e+01
1.409999999999999964e+01
1.259999999999999964e+01
1.269999999999999929e+01
1.300000000000000000e+01
1.330000000000000071e+01
1.259999999999999964e+01
1.309999999999999964e+01
1.319999999999999929e+01
1.340000000000000036e+01
1.290000000000000036e+01
1.350000000000000000e+01
1.319999999999999929e+01
1.359999999999999964e+01
1.309999999999999964e+01
1.250000000000000000e+01
1.300000000000000000e+01
1.300000000000000000e+01
1.369999999999999929e+01
1.280000000000000071e+01
1.300000000000000000e+01
1.280000000000000071e+01
1.269999999999999929e+01
1.309999999999999964e+01
1.269999999999999929e+01
1.209999999999999964e+01
1.430000000000000071e+01
1.190000000000000036e+01
1.309999999999999964e+01
1.280000000000000071e+01
1.280000000000000071e+01
1.290000000000000036e+01
1.280000000000000071e+01
1.309999999999999964e+01
1.280000000000000071e+01
1.440000000000000036e+01
1.390000000000000036e+01
1.309999999999999964e+01
1.290000000000000036e+01
1.240000000000000036e+01
1.269999999999999929e+01
1.350000000000000000e+01
1.300000000000000000e+01
1.280000000000000071e+01
1.419999999999999929e+01
1.269999999999999929e+01
1.259999999999999964e+01
1.300000000000000000e+01
1.309999999999999964e+01
1.300000000000000000e+01
1.250000000000000000e+01
1.409999999999999964e+01
1.280000000000000071e+01
1.300000000000000000e+01
1.380000000000000071e+01
1.280000000000000071e+01
1.569999999999999929e+01
1.300000000000000000e+01
